100,3.2316
200,2.9706
300,2.6480
400,2.5816
500,2.5810
600,2.5963
700,2.6341
800,2.6625
900,2.6508
1000,2.5987
1100,2.5589
1200,2.5796
1300,2.5829
1400,2.5406
1500,2.5062
1600,2.5051
1700,2.5318
1800,2.5230
1900,2.5192
2000,2.5146
2100,2.4966
2200,2.5008
2300,2.5149
2400,2.5410
2500,2.5372
2600,2.4879
2700,2.4831
2800,2.5096
2900,2.5210
3000,2.5278
3100,2.4900
3200,2.4897
3300,2.5143
3400,2.5214
3500,2.5281
3600,2.5220
3700,2.5128
3800,2.5253
3900,2.5448
4000,2.5583
4100,2.5604
4200,2.5096
4300,2.4981
4400,2.5422
4500,2.5491
4600,2.5054
4700,2.4552
4800,2.4653
4900,2.4929
5000,2.5023
5100,2.5124
5200,2.4900
5300,2.4861
5400,2.4965
5500,2.5102
5600,2.5353
5700,2.5202
5800,2.4928
5900,2.4804
6000,2.4914
6100,2.4843
6200,2.4728
6300,2.4844
6400,2.5223
6500,2.5619
6600,2.5411
6700,2.5128
6800,2.4986
6900,2.4993
7000,2.5056
7100,2.4836
7200,2.4637
7300,2.4971
7400,2.5615
7500,2.5596
7600,2.5042
7700,2.4913
7800,2.5099
7900,2.5028
8000,2.4855
8100,2.4832
8200,2.5237
8300,2.5264
8400,2.4872
8500,2.4835
8600,2.4943
8700,2.4967
8800,2.5079
8900,2.4908
9000,2.4741
9100,2.4876
9200,2.4839
9300,2.4741
9400,2.4655
9500,2.4787
9600,2.4901
9700,2.4909
9800,2.4923
9900,2.5031
10000,2.4933
10100,2.4788
10200,2.4822
10300,2.4784
10400,2.4920
10500,2.4806
10600,2.4696
10700,2.4968
10800,2.4961
10900,2.4827
11000,2.4889
11100,2.5068
11200,2.5104
11300,2.4895
11400,2.4815
11500,2.4893
11600,2.4754
11700,2.4595
11800,2.4847
11900,2.4933
12000,2.4912
12100,2.4972
12200,2.4969
12300,2.4714
12400,2.4634
12500,2.4891
12600,2.4780
12700,2.4613
12800,2.4781
12900,2.4897
13000,2.4635
13100,2.4446
13200,2.4567
13300,2.4958
13400,2.4937
13500,2.4598
13600,2.4752
13700,2.4965
13800,2.5054
13900,2.4822
14000,2.4468
14100,2.4581
14200,2.4661
14300,2.4509
14400,2.4657
14500,2.4846
14600,2.4838
14700,2.4728
14800,2.4673
14900,2.4701
15000,2.4794
15100,2.4877
15200,2.4667
15300,2.4461
15400,2.4410
15500,2.4705
15600,2.4834
15700,2.4605
15800,2.4453
15900,2.4553
16000,2.4642
16100,2.4368
16200,2.4411
16300,2.4715
16400,2.5018
16500,2.5163
16600,2.5325
16700,2.5243
16800,2.4912
16900,2.4755
17000,2.4926
17100,2.5112
17200,2.4965
17300,2.5030
17400,2.5012
17500,2.4957
17600,2.4877
17700,2.4657
17800,2.4643
17900,2.4957
18000,2.4888
18100,2.4629
18200,2.4573
18300,2.4624
18400,2.4549
18500,2.4493
18600,2.4485
18700,2.4577
18800,2.4616
18900,2.4523
19000,2.4896
19100,2.4983
19200,2.4533
19300,2.4269
19400,2.4476
19500,2.4755
19600,2.4871
19700,2.4601
19800,2.4519
19900,2.4695
20000,2.4636
20100,2.4640
20200,2.4702
20300,2.4736
20400,2.4547
20500,2.4499
20600,2.4664
20700,2.4806
20800,2.4834
20900,2.4596
21000,2.4512
21100,2.4888
21200,2.4922
21300,2.4492
21400,2.4399
21500,2.4501
21600,2.4664
21700,2.4796
21800,2.4698
21900,2.4623
22000,2.4661
22100,2.4611
22200,2.4554
22300,2.4757
22400,2.4610
22500,2.4651
22600,2.4887
22700,2.4673
22800,2.4271
22900,2.4412
23000,2.4612
23100,2.4503
23200,2.4719
23300,2.4686
23400,2.4428
23500,2.4276
23600,2.4611
23700,2.4648
23800,2.4104
23900,2.4180
24000,2.4682
24100,2.4709
24200,2.4342
24300,2.4307
24400,2.4537
24500,2.4468
24600,2.4406
24700,2.4501
24800,2.4645
24900,2.4886
25000,2.4580
25100,2.4344
25200,2.4462
25300,2.4329
25400,2.4589
25500,2.4629
25600,2.4379
25700,2.4435
25800,2.4445
25900,2.4380
26000,2.4332
26100,2.4412
26200,2.4578
26300,2.4586
26400,2.4531
26500,2.4713
26600,2.4691
26700,2.4517
26800,2.4597
26900,2.4541
27000,2.4673
27100,2.4664
27200,2.4375
27300,2.4434
27400,2.4560
27500,2.4481
27600,2.4393
27700,2.4592
27800,2.4825
27900,2.4661
28000,2.4562
28100,2.4603
28200,2.4671
28300,2.4466
28400,2.4412
28500,2.4539
28600,2.4557
28700,2.4632
28800,2.4603
28900,2.4412
29000,2.4234
29100,2.4464
29200,2.4551
29300,2.4447
29400,2.4491
29500,2.4537
29600,2.4585
29700,2.4343
29800,2.4293
29900,2.4717
30000,2.4706
30100,2.4520
30200,2.4544
30300,2.4549
30400,2.4570
30500,2.4560
30600,2.4393
30700,2.4388
30800,2.4487
30900,2.4420
31000,2.4490
31100,2.4609
31200,2.4777
31300,2.4718
31400,2.4570
31500,2.4480
31600,2.4399
31700,2.4564
31800,2.4377
31900,2.4000
32000,2.3959
32100,2.4259
32200,2.4519
32300,2.4474
32400,2.4194
32500,2.4225
32600,2.4472
32700,2.4187
32800,2.4047
32900,2.4288
33000,2.4361
33100,2.4404
33200,2.4520
33300,2.4577
33400,2.4552
33500,2.4496
33600,2.4289
33700,2.4173
33800,2.4341
33900,2.4597
34000,2.4559
34100,2.4435
34200,2.4519
34300,2.4274
34400,2.4154
34500,2.4513
34600,2.4426
34700,2.4198
34800,2.4056
34900,2.4161
35000,2.4301
35100,2.4054
35200,2.4165
35300,2.4259
35400,2.4122
35500,2.4242
35600,2.4314
35700,2.4389
35800,2.4244
35900,2.3929
36000,2.3997
36100,2.4100
36200,2.4335
36300,2.4423
36400,2.4191
36500,2.4263
36600,2.4315
36700,2.4307
36800,2.4388
36900,2.4237
37000,2.4060
37100,2.4107
37200,2.4203
37300,2.4380
37400,2.4523
37500,2.4262
37600,2.4140
37700,2.4549
37800,2.4658
37900,2.4153
38000,2.4009
38100,2.4141
38200,2.4319
38300,2.4420
38400,2.4373
38500,2.4215
38600,2.4162
38700,2.4288
38800,2.4210
38900,2.4386
39000,2.4212
39100,2.4139
39200,2.4286
39300,2.4196
39400,2.4043
39500,2.3862
39600,2.3989
39700,2.4154
39800,2.4069
39900,2.4019
40000,2.4050
40100,2.4052
40200,2.4216
40300,2.4271
40400,2.4021
40500,2.3872
40600,2.4182
40700,2.4424
40800,2.4115
40900,2.3882
41000,2.4119
41100,2.4207
41200,2.4268
41300,2.4182
41400,2.4168
41500,2.4473
41600,2.4327
41700,2.4106
41800,2.4162
41900,2.4112
42000,2.4110
42100,2.4100
42200,2.4078
42300,2.4055
42400,2.3938
42500,2.3959
42600,2.3992
42700,2.4029
42800,2.4317
42900,2.4234
43000,2.4077
43100,2.4335
43200,2.4380
43300,2.4272
43400,2.4223
43500,2.4175
43600,2.4290
43700,2.4375
43800,2.4204
43900,2.4044
44000,2.4094
44100,2.4309
44200,2.4181
44300,2.4255
44400,2.4557
44500,2.4291
44600,2.4193
44700,2.4251
44800,2.4381
44900,2.4190
45000,2.4005
45100,2.4279
45200,2.4277
45300,2.4310
45400,2.4262
45500,2.4183
45600,2.4061
45700,2.4031
45800,2.4076
45900,2.4044
46000,2.4014
46100,2.4131
46200,2.4296
46300,2.4062
46400,2.3902
46500,2.4079
46600,2.4252
46700,2.4174
46800,2.4207
46900,2.4184
47000,2.4090
47100,2.4228
47200,2.4050
47300,2.3938
47400,2.4117
47500,2.3968
47600,2.3891
47700,2.4114
47800,2.4198
47900,2.4244
48000,2.4073
48100,2.4133
48200,2.4251
48300,2.4164
48400,2.4060
48500,2.3742
48600,2.3687
48700,2.3947
48800,2.4089
48900,2.4131
49000,2.4025
49100,2.3875
49200,2.3956
49300,2.3862
49400,2.3762
49500,2.3842
49600,2.4003
49700,2.4137
49800,2.4080
49900,2.4167
50000,2.4182
50100,2.4119
50200,2.3991
50300,2.3934
50400,2.4169
50500,2.4144
50600,2.4158
50700,2.4224
50800,2.4161
50900,2.3935
51000,2.3895
51100,2.4155
51200,2.4195
51300,2.3971
51400,2.3801
51500,2.3819
51600,2.3880
51700,2.3861
51800,2.3913
51900,2.3934
52000,2.3929
52100,2.3909
52200,2.3887
52300,2.4089
52400,2.4089
52500,2.3731
52600,2.3721
52700,2.3863
52800,2.4044
52900,2.4209
53000,2.3907
53100,2.3973
53200,2.4199
53300,2.4104
53400,2.4030
53500,2.4020
53600,2.3895
53700,2.3878
53800,2.3981
53900,2.4052
54000,2.4272
54100,2.4050
54200,2.3822
54300,2.4082
54400,2.4241
54500,2.4056
54600,2.3704
54700,2.3812
54800,2.3937
54900,2.3985
55000,2.4242
55100,2.3988
55200,2.3836
55300,2.3950
55400,2.3979
55500,2.4099
55600,2.4004
55700,2.3862
55800,2.3823
55900,2.3937
56000,2.3882
56100,2.3643
56200,2.3710
56300,2.3759
56400,2.3826
56500,2.3923
56600,2.3951
56700,2.3757
56800,2.3729
56900,2.4030
57000,2.3893
57100,2.3591
57200,2.3727
57300,2.4191
57400,2.4096
57500,2.3668
57600,2.3731
57700,2.3931
57800,2.3944
57900,2.3892
58000,2.3844
58100,2.4207
58200,2.4318
58300,2.3925
58400,2.3847
58500,2.3878
58600,2.3789
58700,2.3942
58800,2.3857
58900,2.3769
59000,2.3803
59100,2.3664
59200,2.3750
59300,2.3731
59400,2.3865
59500,2.3991
59600,2.3954
59700,2.4026
59800,2.4185
59900,2.4112
60000,2.3919
60100,2.3902
60200,2.3928
60300,2.4149
60400,2.4005
60500,2.3661
60600,2.3846
60700,2.4020
60800,2.3807
60900,2.3837
61000,2.4185
61100,2.4109
61200,2.3853
61300,2.3903
61400,2.4060
61500,2.4040
61600,2.3708
61700,2.3774
61800,2.3937
61900,2.3959
62000,2.3973
62100,2.3992
62200,2.3863
62300,2.3624
62400,2.3762
62500,2.3869
62600,2.3682
62700,2.3806
62800,2.3995
62900,2.3763
63000,2.3661
63100,2.3766
63200,2.3988
63300,2.3942
63400,2.3830
63500,2.3941
63600,2.3937
63700,2.4008
63800,2.3895
63900,2.3676
64000,2.3783
64100,2.3883
64200,2.3703
64300,2.3844
64400,2.3992
64500,2.3922
64600,2.3943
64700,2.3916
64800,2.3888
64900,2.3911
65000,2.3970
65100,2.3673
65200,2.3507
65300,2.3511
65400,2.3749
65500,2.3991
65600,2.3898
65700,2.3714
65800,2.3758
65900,2.3813
66000,2.3470
66100,2.3553
66200,2.3850
66300,2.3813
66400,2.3896
66500,2.4024
66600,2.3932
66700,2.3929
66800,2.3804
66900,2.3688
67000,2.3832
67100,2.3922
67200,2.3990
67300,2.3944
67400,2.3886
67500,2.3934
67600,2.3823
67700,2.3816
67800,2.4042
67900,2.3749
68000,2.3538
68100,2.3613
68200,2.3722
68300,2.3736
68400,2.3641
68500,2.3687
68600,2.3709
68700,2.3619
68800,2.3593
68900,2.3943
69000,2.4029
69100,2.3690
69200,2.3469
69300,2.3499
69400,2.3783
69500,2.4019
69600,2.3805
69700,2.3791
69800,2.3919
69900,2.3816
70000,2.3896
70100,2.3978
70200,2.3901
70300,2.3643
70400,2.3625
70500,2.3799
70600,2.4035
70700,2.4138
70800,2.3715
70900,2.3663
71000,2.4019
71100,2.4018
71200,2.3699
71300,2.3642
71400,2.3682
71500,2.3853
71600,2.3992
71700,2.3795
71800,2.3707
71900,2.3818
72000,2.3840
72100,2.3724
72200,2.3911
72300,2.3878
72400,2.3752
72500,2.3827
72600,2.3734
72700,2.3441
72800,2.3524
72900,2.3635
73000,2.3561
73100,2.3773
73200,2.3770
73300,2.3596
73400,2.3551
73500,2.3860
73600,2.3909
73700,2.3468
73800,2.3519
73900,2.3948
74000,2.3998
74100,2.3593
74200,2.3538
74300,2.3832
74400,2.3756
74500,2.3693
74600,2.3792
74700,2.3965
74800,2.4271
74900,2.3867
75000,2.3597
